   1 0
   1 147
   1 149
   1 19
   1 29
   1 32
   1 37
   1 39
   1 43
   1 46
   1 47
   1 5
   1 53
   1 62
   1 68
   2 146
   2 35
   2 38
   2 42
   2 45
   2 49
   2 51
   2 54
   2 56
   2 64
   3 40
   3 44
   3 48
   3 57
   3 58
   3 61
   3 66
   3 67
   4 60
   4 74
   5 69
   6 63
   7 70
   8 143
   8 145
   8 71
   8 81
   8 85
   8 89
   9 78
   9 83
  10 82
  11 76
  12 102
  12 109
  12 92
  12 93
  13 104
  13 105
  13 98
  14 116
  15 103
  15 108
  15 129
  15 72
  15 75
  16 107
  16 121
  16 144
  17 114
  17 90
  18 118
  18 91
  19 119
  20 106
  20 80
  21 117
  21 79
  21 87
  22 101
  22 130
  22 84
  22 88
  22 94
  22 95
  23 77
  24 97
  25 110
  25 115
  26 120
  26 133
  27 100
  27 132
  27 73
  27 96
  29 123
  29 131
  31 125
  33 127
  34 134
  38 112
  40 126
  40 142
  41 128
  41 86
  42 124
  42 135
  42 136
  44 122
  49 113
  58 138
  58 99
  62 111
  80 140
  93 141
 104 139
 142 137
